high_defs = [
	0.007292, 	0.008438, 	0.008009, 	0.008934, 	0.009928, 	0.010796, 	0.012010, 	0.013374, 	0.015333, 	0.016579, 	0.018117, 	0.018849, 	0.020598, 	0.021849, 	0.023254, 	0.024448, 	0.027095, 	0.030169, 	0.030450, 	0.030621, 	0.034114, 	0.035543, 	0.036388, 	0.038557, 	0.040724, 	0.043613, 	0.044698, 	0.045381, 	0.050707, 	0.048397, 	0.052139, 	0.050580, ;
	0.014276, 	0.011651, 	0.010264, 	0.010342, 	0.011477, 	0.012047, 	0.012874, 	0.014949, 	0.016264, 	0.017136, 	0.018446, 	0.019949, 	0.021084, 	0.022452, 	0.023689, 	0.025438, 	0.027647, 	0.029642, 	0.032350, 	0.031926, 	0.035763, 	0.034544, 	0.037726, 	0.038278, 	0.041053, 	0.042736, 	0.043198, 	0.046126, 	0.047794, 	0.049737, 	0.050370, 	0.053478, ;
	0.021316, 	0.014871, 	0.012722, 	0.012383, 	0.013005, 	0.013603, 	0.014469, 	0.015971, 	0.017348, 	0.018425, 	0.019377, 	0.020657, 	0.022001, 	0.022791, 	0.024426, 	0.025625, 	0.027172, 	0.029811, 	0.030265, 	0.031352, 	0.034880, 	0.036091, 	0.037160, 	0.039392, 	0.041415, 	0.043860, 	0.044153, 	0.048476, 	0.050165, 	0.050910, 	0.051367, 	0.051903, ;
	0.028186, 	0.018067, 	0.015179, 	0.014206, 	0.014428, 	0.014805, 	0.015732, 	0.016883, 	0.018358, 	0.018673, 	0.019520, 	0.021368, 	0.022595, 	0.024048, 	0.025050, 	0.025548, 	0.031167, 	0.030370, 	0.031852, 	0.034069, 	0.034153, 	0.037362, 	0.039886, 	0.039724, 	0.043230, 	0.042888, 	0.046117, 	0.047389, 	0.048774, 	0.049606, 	0.052024, 	0.054051, ;
	0.035188, 	0.021236, 	0.017644, 	0.016048, 	0.015786, 	0.016234, 	0.016866, 	0.017847, 	0.019225, 	0.019856, 	0.020620, 	0.021629, 	0.022936, 	0.024138, 	0.025599, 	0.026792, 	0.029902, 	0.031212, 	0.032454, 	0.033476, 	0.035014, 	0.037171, 	0.037978, 	0.040116, 	0.042810, 	0.043913, 	0.046230, 	0.047931, 	0.049066, 	0.051072, 	0.053007, 	0.053780, ;
	0.042137, 	0.025608, 	0.020089, 	0.017953, 	0.017475, 	0.017779, 	0.018087, 	0.018914, 	0.019952, 	0.021155, 	0.022094, 	0.023256, 	0.023867, 	0.024772, 	0.025875, 	0.027747, 	0.029210, 	0.031125, 	0.031525, 	0.032914, 	0.035723, 	0.037984, 	0.039083, 	0.042091, 	0.042651, 	0.044811, 	0.046600, 	0.048688, 	0.049860, 	0.050476, 	0.053569, 	0.054840, ;
	0.049064, 	0.028356, 	0.022426, 	0.019586, 	0.019116, 	0.018538, 	0.019055, 	0.020003, 	0.019856, 	0.021539, 	0.022604, 	0.023618, 	0.024584, 	0.025503, 	0.026698, 	0.028273, 	0.029770, 	0.032263, 	0.032775, 	0.035247, 	0.035167, 	0.036739, 	0.039007, 	0.041294, 	0.043740, 	0.045443, 	0.045359, 	0.048772, 	0.050071, 	0.052043, 	0.052807, 	0.054486, ;
	0.056060, 	0.031516, 	0.024785, 	0.021854, 	0.020389, 	0.020424, 	0.020469, 	0.021406, 	0.022161, 	0.022249, 	0.023360, 	0.024145, 	0.025225, 	0.025229, 	0.027477, 	0.028815, 	0.030865, 	0.032737, 	0.034034, 	0.034414, 	0.035619, 	0.039148, 	0.041878, 	0.041231, 	0.043670, 	0.045892, 	0.047219, 	0.050041, 	0.049272, 	0.053346, 	0.052480, 	0.056181, ;
	0.063157, 	0.034956, 	0.027472, 	0.023571, 	0.021894, 	0.021363, 	0.021490, 	0.022742, 	0.022536, 	0.023085, 	0.023808, 	0.024739, 	0.025674, 	0.026293, 	0.027682, 	0.028744, 	0.031809, 	0.033330, 	0.033894, 	0.035130, 	0.036325, 	0.037599, 	0.039331, 	0.042047, 	0.043159, 	0.046005, 	0.045551, 	0.050799, 	0.050891, 	0.052791, 	0.053879, 	0.055743, ;
	0.070053, 	0.037925, 	0.029864, 	0.025302, 	0.023675, 	0.022823, 	0.023365, 	0.023917, 	0.024152, 	0.023989, 	0.025194, 	0.025627, 	0.025999, 	0.027353, 	0.028863, 	0.029698, 	0.034514, 	0.033756, 	0.035001, 	0.035220, 	0.036779, 	0.038811, 	0.041400, 	0.042166, 	0.044033, 	0.046968, 	0.048500, 	0.049695, 	0.050834, 	0.052394, 	0.052974, 	0.055553, ;
	0.076936, 	0.040188, 	0.032200, 	0.027569, 	0.025153, 	0.024251, 	0.023927, 	0.024294, 	0.024847, 	0.025140, 	0.025754, 	0.026046, 	0.027139, 	0.027407, 	0.028986, 	0.029813, 	0.033875, 	0.034410, 	0.034436, 	0.036251, 	0.037968, 	0.039279, 	0.042672, 	0.041529, 	0.045196, 	0.046446, 	0.049258, 	0.049083, 	0.050877, 	0.050507, 	0.053578, 	0.054797, ;
	0.083867, 	0.044977, 	0.034535, 	0.029202, 	0.026911, 	0.025268, 	0.025548, 	0.025585, 	0.026014, 	0.025778, 	0.025849, 	0.026902, 	0.027797, 	0.028490, 	0.029697, 	0.030150, 	0.032951, 	0.033673, 	0.037570, 	0.036820, 	0.037894, 	0.038424, 	0.041407, 	0.043406, 	0.045085, 	0.047145, 	0.050468, 	0.048945, 	0.049910, 	0.053292, 	0.053881, 	0.055147, ;
	0.090908, 	0.049887, 	0.037370, 	0.031493, 	0.028319, 	0.026892, 	0.026175, 	0.026200, 	0.026928, 	0.026807, 	0.026928, 	0.027931, 	0.028544, 	0.028648, 	0.029714, 	0.030648, 	0.033103, 	0.035179, 	0.036686, 	0.036703, 	0.037420, 	0.040234, 	0.040312, 	0.042686, 	0.045237, 	0.047067, 	0.049529, 	0.048917, 	0.050004, 	0.052261, 	0.053836, 	0.056437, ;
	0.098660, 	0.052230, 	0.039787, 	0.033280, 	0.029550, 	0.028468, 	0.027751, 	0.027697, 	0.028200, 	0.028235, 	0.028240, 	0.028694, 	0.029042, 	0.029995, 	0.030572, 	0.032247, 	0.033765, 	0.035539, 	0.035970, 	0.037604, 	0.038100, 	0.039197, 	0.042429, 	0.043024, 	0.044271, 	0.045917, 	0.047486, 	0.048815, 	0.050630, 	0.053994, 	0.053802, 	0.057989, ;
	0.104849, 	0.054668, 	0.041789, 	0.034723, 	0.031671, 	0.029820, 	0.028826, 	0.028855, 	0.029051, 	0.028521, 	0.028927, 	0.029389, 	0.029743, 	0.030584, 	0.031687, 	0.032494, 	0.034234, 	0.035153, 	0.035967, 	0.038202, 	0.040719, 	0.040282, 	0.041499, 	0.044004, 	0.045781, 	0.047172, 	0.048442, 	0.050727, 	0.051825, 	0.053374, 	0.053482, 	0.056361, ;
	0.111731, 	0.059113, 	0.044394, 	0.036912, 	0.033141, 	0.030368, 	0.030187, 	0.030224, 	0.029314, 	0.029607, 	0.029408, 	0.030553, 	0.030723, 	0.031082, 	0.032251, 	0.032948, 	0.034863, 	0.036167, 	0.036073, 	0.038844, 	0.039789, 	0.040526, 	0.042612, 	0.044013, 	0.045193, 	0.047182, 	0.048832, 	0.049497, 	0.052617, 	0.052873, 	0.055908, 	0.055740, ;
	0.118761, 	0.062447, 	0.047209, 	0.038971, 	0.034636, 	0.032682, 	0.030958, 	0.030894, 	0.030873, 	0.030361, 	0.030083, 	0.030368, 	0.031660, 	0.031760, 	0.032091, 	0.033655, 	0.036042, 	0.036371, 	0.036927, 	0.038287, 	0.041031, 	0.041392, 	0.044228, 	0.045346, 	0.045680, 	0.049633, 	0.049613, 	0.052625, 	0.049925, 	0.053634, 	0.054985, 	0.056370, ;
	0.125690, 	0.065679, 	0.049643, 	0.041045, 	0.044359, 	0.033709, 	0.032552, 	0.032029, 	0.031834, 	0.031470, 	0.031532, 	0.031042, 	0.032096, 	0.032207, 	0.033334, 	0.033860, 	0.034870, 	0.037251, 	0.037588, 	0.038994, 	0.041019, 	0.041914, 	0.042328, 	0.045771, 	0.046789, 	0.047603, 	0.050690, 	0.051628, 	0.051144, 	0.054775, 	0.054834, 	0.056758, ;
	0.134772, 	0.068226, 	0.051935, 	0.042483, 	0.037355, 	0.034979, 	0.033231, 	0.033077, 	0.032795, 	0.032383, 	0.032150, 	0.032180, 	0.032488, 	0.032838, 	0.033662, 	0.034487, 	0.036740, 	0.036187, 	0.037933, 	0.039035, 	0.041635, 	0.041384, 	0.043780, 	0.045235, 	0.047032, 	0.048925, 	0.050154, 	0.051043, 	0.054313, 	0.055668, 	0.055831, 	0.057166, ;
	0.139610, 	0.072088, 	0.054174, 	0.044387, 	0.039144, 	0.036331, 	0.034851, 	0.034297, 	0.033458, 	0.033451, 	0.032575, 	0.033234, 	0.033579, 	0.033250, 	0.034450, 	0.034776, 	0.037416, 	0.036873, 	0.037946, 	0.039062, 	0.041172, 	0.042559, 	0.043924, 	0.046650, 	0.048025, 	0.050154, 	0.050484, 	0.052669, 	0.053317, 	0.055030, 	0.054794, 	0.058240, ;
	0.146576, 	0.075598, 	0.057843, 	0.046529, 	0.040697, 	0.037055, 	0.035852, 	0.035181, 	0.034713, 	0.033615, 	0.033514, 	0.034162, 	0.034158, 	0.034289, 	0.034808, 	0.035624, 	0.037815, 	0.037162, 	0.038442, 	0.039463, 	0.041160, 	0.043755, 	0.045235, 	0.046048, 	0.047930, 	0.050759, 	0.051066, 	0.051623, 	0.054497, 	0.054549, 	0.057069, 	0.057402, ;
	0.153576, 	0.079255, 	0.059156, 	0.048321, 	0.041791, 	0.040264, 	0.037061, 	0.036682, 	0.036166, 	0.035227, 	0.034567, 	0.034627, 	0.034519, 	0.034847, 	0.035704, 	0.035968, 	0.041487, 	0.039286, 	0.038395, 	0.040133, 	0.042926, 	0.043458, 	0.044322, 	0.045590, 	0.047522, 	0.049488, 	0.051270, 	0.052973, 	0.053536, 	0.056563, 	0.056560, 	0.057765, ;
