stream_bandwidths = [
	% First element of row = number of threads, then comes the benchmark results
	1,	11780.3,	11808.1,	11776.8,	11765.4,	11770.8;
	2,	22727.2,	22847.1,	22655.8,	23154.6,	22685.7;
	3,	31652.1,	31471.0,	31477.0,	31471.0,	31482.9;
	4,	35730.4,	35484.8,	35665.9,	35923.6,	35795.2;
	5,	37886.8,	37869.7,	38433.6,	37835.5,	37516.1;
	6,	39457.2,	39348.5,	39100.9,	39263.3,	39244.9;
	7,	40546.7,	40160.9,	40069.8,	40050.6,	40029.1;
	8,	40857.8,	40847.8,	40837.9,	41259.7,	40743.6;
	9,	40669.6,	40805.6,	40995.0,	40952.5,	40649.9;
	10,	41376.7,	41005.0,	40877.7,	41057.7,	40995.0;
	11,	41711.0,	41809.8,	41589.5,	42040.3,	41807.2;
	12,	41249.5,	41247.0,	41313.0,	41280.0,	41568.9;
	13,	41206.5,	41173.6,	41173.6,	41206.5,	41267.3;
	14,	41690.3,	41579.2,	41633.4,	41799.4,	41731.8;
	15,	41504.6,	41504.6,	41440.6,	41548.3,	41568.9;
	16,	41407.3,	41356.3,	41517.5,	41504.6,	41473.9;
	17,	44828.9,	44855.9,	44655.9,	44793.0,	44805.0;
	18,	48034.4,	47564.6,	47934.9,	48193.1,	47507.3;
	19,	48527.6,	48079.1,	48412.1,	48559.2,	48633.1;
	20,	51865.6,	52253.3,	51099.4,	50940.4,	51444.1;
	21,	55133.8,	54662.3,	54796.2,	53567.1,	54885.8;
	22,	55324.7,	53477.5,	55229.1,	53924.4,	54680.1;
	23,	58996.8,	58309.9,	57723.1,	56838.2,	57309.0;
	24,	60562.1,	60015.1,	57284.6,	59924.0,	60263.0;
	25,	60562.1,	58846.8,	59152.8,	57862.4,	59615.2;
	26,	69963.4,	68815.5,	66642.4,	68027.2,	67999.7;
	27,	76190.8,	75863.5,	75158.3,	76590.8,	76338.1;
	28,	79053.9,	79597.8,	79682.8,	79607.2,	80805.4;
	29,	73729.8,	81304.7,	80158.7,	80611.2,	82473.7;
	30,	75863.5,	80005.8,	75259.5,	77591.5,	75327.0;
	31,	80485.6,	55365.8,	66221.5,	56040.8,	69506.9;
	32,	82901.6,	77367.8,	70924.6,	68611.5,	82942.6;
];
