Max(serial) = 14958.829300 duration = 0.083572 ± 0.000371 ms
Test(omp) = 2298.734541 duration = 0.081961 ± 0.000428 ms
Test(omp_critical) = 14958.829300 duration = 8.387509 ± 0.022550 ms
Test(omp_atomic) = 14958.829300 duration = 1.672720 ± 0.001687 ms
Test(omp_local) = 14958.829300 duration = 0.070548 ± 0.000975 ms
Test(omp_padded) = 14958.829300 duration = 0.030117 ± 0.000562 ms
Test(omp_private) = 14958.829300 duration = 0.024911 ± 0.000539 ms
Test(omp_reduction) = 14958.829300 duration = 0.025513 ± 0.000316 ms
Application 19676617 resources: utime ~75s, stime ~5s, Rss ~5496, inblocks ~2937, outblocks ~7665
