Max(serial) = 14958.829300 duration = 0.083535 ± 0.000282 ms
Test(omp) = 7675.831402 duration = 0.071054 ± 0.000225 ms
Test(omp_critical) = 14958.829300 duration = 1.963852 ± 0.091967 ms
Test(omp_atomic) = 14958.829300 duration = 1.200906 ± 0.014563 ms
Test(omp_local) = 14958.829300 duration = 0.068214 ± 0.001507 ms
Test(omp_padded) = 14958.829300 duration = 0.055466 ± 0.000828 ms
Test(omp_private) = 14958.829300 duration = 0.046205 ± 0.000825 ms
Test(omp_reduction) = 14958.829300 duration = 0.045912 ± 0.000352 ms
Application 19676615 resources: utime ~7s, stime ~0s, Rss ~5496, inblocks ~2937, outblocks ~7665
