Max(serial) = 2495.505030 duration = 0.013939 ± 0.000135 ms
Test(omp) = 2495.505030 duration = 0.014307 ± 0.000166 ms
Test(omp_critical) = 2495.505030 duration = 0.072839 ± 0.000344 ms
Test(omp_atomic) = 2495.505030 duration = 0.050418 ± 0.000078 ms
Test(omp_local) = 2495.505030 duration = 0.014590 ± 0.000066 ms
Test(omp_padded) = 2495.505030 duration = 0.017654 ± 0.000255 ms
Test(omp_private) = 2495.505030 duration = 0.014386 ± 0.000489 ms
Test(omp_reduction) = 2495.505030 duration = 0.014341 ± 0.000328 ms
Application 19676607 resources: utime ~0s, stime ~0s, Rss ~5496, inblocks ~2937, outblocks ~7665
