Test(omp) = 1184.304587 duration = 0.085865 ± 0.004601 ms
Test(omp_critical) = 12450.561684 duration = 10.745018 ± 0.031962 ms
Test(omp_atomic) = 12450.561684 duration = 1.776948 ± 0.005444 ms
Test(omp_local) = 12450.561684 duration = 0.055543 ± 0.000548 ms
Test(omp_padded) = 12450.561684 duration = 0.031823 ± 0.000635 ms
Test(omp_private) = 12450.561684 duration = 0.027891 ± 0.000573 ms
Test(omp_reduction) = 12450.561684 duration = 0.029617 ± 0.000595 ms
Application 19645499 resources: utime ~179s, stime ~15s, Rss ~5472, inblocks ~2937, outblocks ~7665
