Test(omp) = 658.870563 duration = 0.083435 ± 0.006950 ms
Test(omp_critical) = 7475.252620 duration = 4.026876 ± 0.050441 ms
Test(omp_atomic) = 7475.252620 duration = 0.892415 ± 0.011688 ms
Test(omp_local) = 7475.252620 duration = 0.055198 ± 0.001261 ms
Test(omp_padded) = 7475.252620 duration = 0.048802 ± 0.001304 ms
Test(omp_private) = 7475.252620 duration = 0.052506 ± 0.001668 ms
Test(omp_reduction) = 7475.252620 duration = 0.053962 ± 0.001592 ms
Application 19645474 resources: utime ~67s, stime ~62s, Rss ~8652, inblocks ~2937, outblocks ~7665
