Max(serial) = 14958.829300 duration = 0.083502 ± 0.000331 ms
Test(omp) = 2125.348134 duration = 0.083584 ± 0.000385 ms
Test(omp_critical) = 14958.829300 duration = 8.328906 ± 0.019848 ms
Test(omp_atomic) = 14958.829300 duration = 1.769262 ± 0.001252 ms
Test(omp_local) = 14958.829300 duration = 0.070720 ± 0.000773 ms
Test(omp_padded) = 14958.829300 duration = 0.030697 ± 0.000482 ms
Test(omp_private) = 14958.829300 duration = 0.025732 ± 0.000502 ms
Test(omp_reduction) = 14958.829300 duration = 0.025658 ± 0.000518 ms
Application 19646816 resources: utime ~76s, stime ~5s, Rss ~5316, inblocks ~2937, outblocks ~7665
