Max(serial) = 2495.505030 duration = 0.013940 ± 0.000136 ms
Test(omp) = 1473.106483 duration = 0.017383 ± 0.001797 ms
Test(omp_critical) = 2495.505030 duration = 0.282527 ± 0.013321 ms
Test(omp_atomic) = 2495.505030 duration = 0.199661 ± 0.000962 ms
Test(omp_local) = 2495.505030 duration = 0.014230 ± 0.000584 ms
Test(omp_padded) = 2495.505030 duration = 0.013158 ± 0.000411 ms
Test(omp_private) = 2495.505030 duration = 0.011477 ± 0.000497 ms
Test(omp_reduction) = 2495.505030 duration = 0.010758 ± 0.001208 ms
Application 19646807 resources: utime ~1s, stime ~0s, Rss ~5316, inblocks ~2937, outblocks ~7665
