Max(serial) = 2495.505030 duration = 0.013945 ± 0.000153 ms
Test(omp) = 2495.505030 duration = 0.014289 ± 0.000117 ms
Test(omp_critical) = 2495.505030 duration = 0.072942 ± 0.000695 ms
Test(omp_atomic) = 2495.505030 duration = 0.049020 ± 0.000048 ms
Test(omp_local) = 2495.505030 duration = 0.014702 ± 0.000424 ms
Test(omp_padded) = 2495.505030 duration = 0.017588 ± 0.000217 ms
Test(omp_private) = 2495.505030 duration = 0.014284 ± 0.000042 ms
Test(omp_reduction) = 2495.505030 duration = 0.014275 ± 0.000039 ms
Application 19646805 resources: utime ~0s, stime ~0s, Rss ~5316, inblocks ~2937, outblocks ~7665
