stream_bandwidths_guided = [76372.9	84562.6	80120.4	81462.6	78160.8];
stream_bandwidths_guided = [83593.5	83510.3	83510.3	83499.9	83896.6];
stream_bandwidths_guided = [229.5	273.0	228.1	211.0	227.0];
