times_nbody = [
0.002167,	0.001312,	0.001042,	0.000928,	0.000855,	0.000880,	0.000876,	0.000971,	0.000965,	0.000968,	0.001028,	0.001077,	0.001087,	0.001120,	0.001214,	0.001215,	0.001364,	0.001523,	0.001536,	0.001615,	0.001765,	0.001752,	0.001806,	0.001857,	0.002000,	0.001945,	0.002065,	0.002079,	0.002127,	0.002269,	0.002207,	0.002105,	;
0.008503,	0.004494,	0.003315,	0.002638,	0.002345,	0.002192,	0.002193,	0.001975,	0.002001,	0.001797,	0.001824,	0.001807,	0.001766,	0.001857,	0.001890,	0.001862,	0.001997,	0.001966,	0.002104,	0.002179,	0.002170,	0.002281,	0.002642,	0.002450,	0.002705,	0.002583,	0.002597,	0.002647,	0.002768,	0.002799,	0.002722,	0.002698,	;
0.019091,	0.009902,	0.007202,	0.005763,	0.004849,	0.004335,	0.004062,	0.003735,	0.003525,	0.003204,	0.003115,	0.003107,	0.002906,	0.002922,	0.002766,	0.002795,	0.003112,	0.003035,	0.002944,	0.002919,	0.003046,	0.003037,	0.002922,	0.003472,	0.003235,	0.003319,	0.003124,	0.003186,	0.003213,	0.003317,	0.003099,	0.003155,	;
0.033786,	0.017222,	0.012411,	0.009828,	0.008283,	0.007260,	0.006603,	0.005893,	0.005932,	0.005199,	0.005011,	0.004711,	0.004731,	0.004538,	0.004131,	0.004106,	0.004268,	0.004367,	0.004190,	0.004054,	0.003969,	0.004352,	0.004028,	0.004151,	0.004115,	0.003705,	0.004175,	0.004122,	0.004008,	0.004033,	0.003959,	0.004012,	;
0.052820,	0.026968,	0.019235,	0.014980,	0.012634,	0.010998,	0.009858,	0.009169,	0.008569,	0.007865,	0.007401,	0.006893,	0.006655,	0.006090,	0.005989,	0.005548,	0.005563,	0.005542,	0.005881,	0.005558,	0.005288,	0.005162,	0.004924,	0.005071,	0.004957,	0.005210,	0.005077,	0.004862,	0.004691,	0.004940,	0.005058,	0.004947,	;
0.076386,	0.038677,	0.027461,	0.021592,	0.017904,	0.015455,	0.013941,	0.012990,	0.012241,	0.010823,	0.010316,	0.009313,	0.008810,	0.008515,	0.007824,	0.007405,	0.007389,	0.007047,	0.007122,	0.006519,	0.007046,	0.006460,	0.006344,	0.006328,	0.006253,	0.006276,	0.006317,	0.006220,	0.006263,	0.006220,	0.006130,	0.005879,	;
0.104028,	0.052843,	0.037604,	0.029302,	0.024096,	0.021203,	0.018688,	0.017279,	0.015869,	0.014363,	0.013366,	0.012574,	0.011397,	0.010921,	0.010356,	0.009736,	0.009759,	0.009633,	0.009164,	0.008624,	0.008453,	0.007959,	0.008118,	0.007885,	0.007755,	0.007885,	0.007522,	0.007449,	0.007740,	0.007307,	0.007108,	0.006929,	;
0.135597,	0.068685,	0.048796,	0.038013,	0.031448,	0.027322,	0.024491,	0.022120,	0.020659,	0.018682,	0.017384,	0.016286,	0.014863,	0.013727,	0.013108,	0.012135,	0.012467,	0.011672,	0.011218,	0.010514,	0.010312,	0.010348,	0.009908,	0.009552,	0.009567,	0.009404,	0.009010,	0.009193,	0.009086,	0.009280,	0.008798,	0.008799,	;
0.172067,	0.086601,	0.061517,	0.048235,	0.039661,	0.034413,	0.030725,	0.028084,	0.025514,	0.023165,	0.021459,	0.019870,	0.018517,	0.017249,	0.016075,	0.015725,	0.015024,	0.014179,	0.013608,	0.013130,	0.012672,	0.012153,	0.011817,	0.011603,	0.011532,	0.011399,	0.011130,	0.010941,	0.010317,	0.010032,	0.010354,	0.010234,	;
0.212297,	0.106978,	0.076139,	0.059186,	0.048641,	0.042413,	0.037932,	0.034453,	0.031788,	0.028331,	0.026354,	0.024072,	0.022594,	0.021057,	0.020034,	0.018945,	0.018219,	0.017135,	0.016574,	0.015672,	0.015063,	0.014915,	0.014541,	0.013735,	0.013541,	0.013364,	0.012904,	0.012868,	0.012687,	0.012218,	0.012113,	0.011629,	;
0.257444,	0.130487,	0.092557,	0.071784,	0.059419,	0.051112,	0.045532,	0.041419,	0.038107,	0.034629,	0.031587,	0.029341,	0.027101,	0.025355,	0.023523,	0.022377,	0.021928,	0.020621,	0.019522,	0.018875,	0.018577,	0.017231,	0.016667,	0.016621,	0.016026,	0.015492,	0.015463,	0.014773,	0.014321,	0.015180,	0.013941,	0.013549,	;
0.306475,	0.155302,	0.109481,	0.084711,	0.070316,	0.060868,	0.053698,	0.048783,	0.045161,	0.040598,	0.037769,	0.034236,	0.032473,	0.029763,	0.027765,	0.026237,	0.025539,	0.024452,	0.023146,	0.021820,	0.021516,	0.020774,	0.020148,	0.019381,	0.018965,	0.018557,	0.017874,	0.017109,	0.016889,	0.016274,	0.016016,	0.016017,	;
0.359408,	0.180781,	0.128094,	0.100135,	0.082387,	0.071505,	0.062981,	0.057590,	0.053226,	0.047188,	0.043589,	0.040393,	0.036630,	0.034606,	0.032926,	0.030793,	0.029992,	0.028033,	0.026805,	0.025551,	0.024156,	0.023562,	0.023088,	0.022409,	0.021474,	0.021159,	0.020618,	0.019649,	0.019261,	0.019233,	0.018342,	0.017770,	;
0.418601,	0.212263,	0.149366,	0.115269,	0.095814,	0.082546,	0.072865,	0.066944,	0.061328,	0.055076,	0.050540,	0.046796,	0.042776,	0.039903,	0.037848,	0.035193,	0.034628,	0.032494,	0.030946,	0.030131,	0.028916,	0.027257,	0.027215,	0.025684,	0.024318,	0.023911,	0.022996,	0.022277,	0.021794,	0.021016,	0.020653,	0.019887,	;
0.480456,	0.242216,	0.172171,	0.133944,	0.109413,	0.094011,	0.084141,	0.075939,	0.070745,	0.063053,	0.058304,	0.053726,	0.049590,	0.046215,	0.043121,	0.040297,	0.039764,	0.037545,	0.035937,	0.033988,	0.031821,	0.031206,	0.030111,	0.028500,	0.027440,	0.026611,	0.026121,	0.025337,	0.024639,	0.023895,	0.023347,	0.022627,	;
0.544921,	0.275022,	0.194385,	0.149865,	0.124295,	0.107162,	0.095971,	0.085782,	0.079409,	0.071576,	0.065349,	0.060257,	0.056009,	0.052360,	0.049192,	0.045226,	0.044312,	0.041824,	0.040011,	0.037100,	0.036841,	0.035377,	0.033607,	0.032446,	0.031019,	0.030419,	0.029107,	0.028952,	0.028303,	0.027167,	0.026401,	0.025462,	;
0.615417,	0.308911,	0.218284,	0.170709,	0.139916,	0.121089,	0.107555,	0.097561,	0.090443,	0.080700,	0.074050,	0.067419,	0.062892,	0.058773,	0.054893,	0.052008,	0.048904,	0.046841,	0.043949,	0.042606,	0.040802,	0.039490,	0.037374,	0.036469,	0.035085,	0.034025,	0.033194,	0.032044,	0.031153,	0.030463,	0.029762,	0.028818,	;
0.691045,	0.347181,	0.246858,	0.189961,	0.157693,	0.135635,	0.120395,	0.109434,	0.100388,	0.090323,	0.082539,	0.075501,	0.070509,	0.068867,	0.061056,	0.058347,	0.055064,	0.052162,	0.049978,	0.046907,	0.045323,	0.042904,	0.042522,	0.040638,	0.038744,	0.037772,	0.036644,	0.035961,	0.034013,	0.033220,	0.032806,	0.032377,	;
0.772203,	0.390720,	0.274043,	0.212165,	0.175420,	0.152570,	0.134344,	0.121564,	0.112438,	0.100961,	0.092760,	0.085418,	0.078974,	0.072956,	0.068780,	0.064582,	0.061203,	0.058269,	0.054500,	0.052764,	0.050891,	0.048856,	0.047001,	0.044990,	0.043298,	0.042178,	0.042270,	0.039018,	0.038102,	0.036883,	0.035676,	0.034477,	;
0.854402,	0.429586,	0.305879,	0.235003,	0.195403,	0.167533,	0.148040,	0.135064,	0.124434,	0.111734,	0.101661,	0.093859,	0.086462,	0.080829,	0.075332,	0.070952,	0.067170,	0.064459,	0.061237,	0.057812,	0.057131,	0.053035,	0.050664,	0.049191,	0.047033,	0.047797,	0.044421,	0.042798,	0.042157,	0.041481,	0.039718,	0.038661,	;
0.942187,	0.476712,	0.334127,	0.259547,	0.215201,	0.184115,	0.163174,	0.149357,	0.136959,	0.122819,	0.112366,	0.103412,	0.095451,	0.088251,	0.082709,	0.078021,	0.074115,	0.070917,	0.067732,	0.064197,	0.060975,	0.058426,	0.056669,	0.053653,	0.051583,	0.051089,	0.048743,	0.048029,	0.046948,	0.044197,	0.044282,	0.042146,	;
1.034727,	0.522456,	0.367267,	0.285744,	0.236298,	0.202828,	0.179902,	0.163130,	0.150674,	0.134863,	0.123144,	0.113376,	0.105074,	0.097720,	0.091645,	0.085778,	0.081666,	0.078146,	0.072967,	0.069540,	0.067101,	0.063623,	0.061254,	0.058770,	0.056603,	0.054776,	0.052687,	0.052251,	0.050097,	0.048369,	0.047476,	0.045552,	;
1.128939,	0.571229,	0.401077,	0.312571,	0.256025,	0.220738,	0.197623,	0.176990,	0.163393,	0.147148,	0.134502,	0.123091,	0.114357,	0.106702,	0.099088,	0.092815,	0.088566,	0.083264,	0.079519,	0.076099,	0.072698,	0.070334,	0.066278,	0.064108,	0.061046,	0.059779,	0.058109,	0.056397,	0.054904,	0.053372,	0.052128,	0.049065,	;
1.231402,	0.618772,	0.439240,	0.340274,	0.279543,	0.240109,	0.214223,	0.194197,	0.178418,	0.160146,	0.147221,	0.133883,	0.124901,	0.115694,	0.107436,	0.100953,	0.096342,	0.091220,	0.087133,	0.082112,	0.079409,	0.076048,	0.073688,	0.069382,	0.067139,	0.065682,	0.063236,	0.060681,	0.060122,	0.057079,	0.054891,	0.053702,	;
