Test(omp) = 14958.829300 duration = 0.084179 ± 0.000459 ms
Test(omp_critical) = 14958.829300 duration = 0.434987 ± 0.001416 ms
Test(omp_atomic) = 14958.829300 duration = 0.292533 ± 0.000542 ms
Test(omp_local) = 14958.829300 duration = 0.085618 ± 0.001025 ms
Test(omp_padded) = 14958.829300 duration = 0.101236 ± 0.000140 ms
Test(omp_private) = 14958.829300 duration = 0.083980 ± 0.000320 ms
Test(omp_reduction) = 14958.829300 duration = 0.084042 ± 0.000666 ms
Application 19645505 resources: utime ~1s, stime ~0s, Rss ~5476, inblocks ~2937, outblocks ~7665
