Test(omp) = 693.777217 duration = 0.149011 ± 0.005366 ms
Test(omp_critical) = 14958.829300 duration = 6.466586 ± 0.048696 ms
Test(omp_atomic) = 14958.829300 duration = 1.503565 ± 0.012736 ms
Test(omp_local) = 14958.829300 duration = 0.072651 ± 0.001615 ms
Test(omp_padded) = 14958.829300 duration = 0.052888 ± 0.001814 ms
Test(omp_private) = 14958.829300 duration = 0.054364 ± 0.001676 ms
Test(omp_reduction) = 14958.829300 duration = 0.056096 ± 0.001814 ms
Application 19645515 resources: utime ~111s, stime ~108s, Rss ~8536, inblocks ~2937, outblocks ~7665
