Test(omp) = 2515.328870 duration = 0.023605 ± 0.000972 ms
Test(omp_critical) = 4971.322194 duration = 0.713258 ± 0.006224 ms
Test(omp_atomic) = 4971.322194 duration = 0.397468 ± 0.001648 ms
Test(omp_local) = 4971.322194 duration = 0.024711 ± 0.000909 ms
Test(omp_padded) = 4971.322194 duration = 0.021291 ± 0.000236 ms
Test(omp_private) = 4971.322194 duration = 0.018056 ± 0.000644 ms
Test(omp_reduction) = 4971.322194 duration = 0.017915 ± 0.001009 ms
Application 19645448 resources: utime ~2s, stime ~0s, Rss ~5468, inblocks ~2937, outblocks ~7665
