Test(omp) = 827.889184 duration = 0.128777 ± 0.008305 ms
Test(omp_critical) = 12450.561684 duration = 7.138077 ± 0.075059 ms
Test(omp_atomic) = 12450.561684 duration = 1.265150 ± 0.009109 ms
Test(omp_local) = 12450.561684 duration = 0.064290 ± 0.002418 ms
Test(omp_padded) = 12450.561684 duration = 0.051419 ± 0.001555 ms
Test(omp_private) = 12450.561684 duration = 0.052089 ± 0.001372 ms
Test(omp_reduction) = 12450.561684 duration = 0.055338 ± 0.001682 ms
Application 19645502 resources: utime ~127s, stime ~97s, Rss ~8536, inblocks ~2937, outblocks ~7665
