Test(omp) = 505.934950 duration = 0.020432 ± 0.000397 ms
Test(omp_critical) = 2495.505030 duration = 1.833601 ± 0.007105 ms
Test(omp_atomic) = 2495.505030 duration = 0.325015 ± 0.000893 ms
Test(omp_local) = 2495.505030 duration = 0.017548 ± 0.000472 ms
Test(omp_padded) = 2495.505030 duration = 0.015996 ± 0.000378 ms
Test(omp_private) = 2495.505030 duration = 0.014641 ± 0.000361 ms
Test(omp_reduction) = 2495.505030 duration = 0.014421 ± 0.000532 ms
Application 19645441 resources: utime ~16s, stime ~1s, Rss ~5468, inblocks ~2937, outblocks ~7665
