Test(omp) = 2236.583624 duration = 0.087053 ± 0.003193 ms
Test(omp_critical) = 14958.829300 duration = 7.763308 ± 0.019133 ms
Test(omp_atomic) = 14958.829300 duration = 1.843770 ± 0.002419 ms
Test(omp_local) = 14958.829300 duration = 0.070876 ± 0.001369 ms
Test(omp_padded) = 14958.829300 duration = 0.029986 ± 0.000465 ms
Test(omp_private) = 14958.829300 duration = 0.024909 ± 0.000327 ms
Test(omp_reduction) = 14958.829300 duration = 0.025260 ± 0.000496 ms
Application 19645508 resources: utime ~72s, stime ~4s, Rss ~5480, inblocks ~2937, outblocks ~7665
