Test(omp) = 7475.252620 duration = 0.042141 ± 0.000218 ms
Test(omp_critical) = 7475.252620 duration = 0.217484 ± 0.000244 ms
Test(omp_atomic) = 7475.252620 duration = 0.146479 ± 0.000680 ms
Test(omp_local) = 7475.252620 duration = 0.042883 ± 0.000180 ms
Test(omp_padded) = 7475.252620 duration = 0.050927 ± 0.000145 ms
Test(omp_private) = 7475.252620 duration = 0.042107 ± 0.000061 ms
Test(omp_reduction) = 7475.252620 duration = 0.042088 ± 0.000073 ms
Application 19645461 resources: utime ~1s, stime ~0s, Rss ~5468, inblocks ~2937, outblocks ~7665
