Test(omp) = 9928.106944 duration = 0.056191 ± 0.000596 ms
Test(omp_critical) = 9928.106944 duration = 0.289946 ± 0.000722 ms
Test(omp_atomic) = 9928.106944 duration = 0.195199 ± 0.001487 ms
Test(omp_local) = 9928.106944 duration = 0.057254 ± 0.001089 ms
Test(omp_padded) = 9928.106944 duration = 0.067748 ± 0.000505 ms
Test(omp_private) = 9928.106944 duration = 0.056055 ± 0.000125 ms
Test(omp_reduction) = 9928.106944 duration = 0.056193 ± 0.000713 ms
Application 19645478 resources: utime ~1s, stime ~0s, Rss ~5468, inblocks ~2937, outblocks ~7665
