Max(serial) = 2495.505030 duration = 0.013951 ± 0.000166 ms
Test(omp) = 733.804379 duration = 0.020185 ± 0.000469 ms
Test(omp_critical) = 2495.505030 duration = 1.472492 ± 0.005163 ms
Test(omp_atomic) = 2495.505030 duration = 0.317436 ± 0.001031 ms
Test(omp_local) = 2495.505030 duration = 0.017627 ± 0.000521 ms
Test(omp_padded) = 2495.505030 duration = 0.016150 ± 0.000393 ms
Test(omp_private) = 2495.505030 duration = 0.014579 ± 0.000414 ms
Test(omp_reduction) = 2495.505030 duration = 0.014524 ± 0.000346 ms
Application 19646809 resources: utime ~13s, stime ~1s, Rss ~5316, inblocks ~2937, outblocks ~7665
