dft_times = [
	1,	11.363473,	0.019761;
	2,	5.815016,	0.022413;
	3,	4.110924,	0.022445;
	4,	3.173899,	0.008126;
	5,	2.620512,	0.012939;
	6,	2.250694,	0.002298;
	7,	1.992692,	0.002274;
	8,	1.803767,	0.002382;
	9,	1.658240,	0.001201;
	10,	1.494823,	0.001448;
	11,	1.360083,	0.001682;
	12,	1.246964,	0.001611;
	13,	1.151854,	0.000466;
	14,	1.070034,	0.000207;
	15,	1.001254,	0.001799;
	16,	0.937931,	0.000695;
	17,	0.880091,	0.001559;
	18,	0.827712,	0.000267;
	19,	0.784085,	0.000835;
	20,	0.743856,	0.000800;
	21,	0.705624,	0.001086;
	22,	0.673173,	0.000291;
	23,	0.641797,	0.000306;
	24,	0.612678,	0.000874;
	25,	0.602722,	0.001074;
	26,	0.577771,	0.000561;
	27,	0.557779,	0.000956;
	28,	0.537344,	0.000759;
	29,	0.518136,	0.000382;
	30,	0.501124,	0.000310;
	31,	0.486180,	0.000237;
	32,	0.471122,	0.000340;
];
