stream_bandwidths = [
	% First element of row = number of threads, then comes the benchmark results
	29,	73729.8,	81304.7,	80158.7,	80611.2,	82473.7;
	30,	75863.5,	80005.8,	75259.5,	77591.5,	75327.0;
	31,	80485.6,	55365.8,	66221.5,	56040.8,	69506.9;
	32,	82901.6,	77367.8,	70924.6,	68611.5,	82942.6;
];
