stream_bandwidths = [
	% First element of row = number of threads, then comes the benchmark results
	1,	12003.9,	11785.5,	11783.0,	11778.4,	11788.2;
	2,	23195.4,	23134.6,	22811.4,	23128.2,	23211.4;
	4,	35673.4,	35755.2,	35843.0,	35705.7,	35987.2;
	8,	41280.0,	41386.9,	41384.4,	40598.2,	40940.0;
	16,	41491.8,	41461.1,	41502.1,	41440.6,	41592.1;
	32,	73737.9,	79996.3,	83199.7,	71301.4,	82130.5;
];
